0
2
1
5
3
4
6
7
10
9
11
13
14
8
15
17
12
18
16
22
25
27
28
23
36
38
30
20
19
21
47
33
49
58
26
24
29
44
42
43
35
56
45
51
40
68
41
32
55
67
54
78
63
79
48
39
37
90
61
101
34
57
72
31
59
66
53
74
52
112
50
77
89
70
65
88
85
123
73
76
46
81
80
75
95
60
96
82
93
69
71
64
94
108
105
62
107
83
98
84
117
87
86
92
106
111
103
104
121
109
110
113
133
126
99
124
135
116
144
91
102
155
120
100
166
137
177
97
122
125
114
118
148
146
115
119
136
130
128
129
138
145
141
140
156
139
168
143
142
127
134
158
153
154
131
180
159
170
191
171
151
152
147
132
149
157
202
163
164
161
167
183
150
182
176
172
173
169
189
178
179
181
201
193
174
195
175
213
207
188
224
160
187
162
165
205
218
229
186
216
235
194
184
190
200
196
198
192
210
206
214
211
215
212
226
203
208
221
209
223
204
197
239
228
234
241
199
252
185
230
227
237
246
242
222
225
243
232
231
244
249
238
256
233
254
240
261
257
217
251
236
220
255
245
219
263
266
258
267
265
250
276
278
253
247
272
269
275
271
264
260
273
288
285
259
280
299
291
262
286
302
274
281
270
248
297
313
282
292
287
284
293
310
268
279
296
303
321
308
324
304
332
277
343
290
309
306
300
289
312
283
323
311
336
320
294
307
326
295
317
334
346
348
298
301
338
314
322
359
305
325
315
350
327
316
357
329
331
319
349
333
318
337
341
345
330
340
328
351
353
355
347
335
339
342
362
352
365
344
363
374
356
354
364
358
360
369
372
367
377
371
376
380
384
375
383
368
387
388
373
391
399
394
366
386
361
379
378
397
381
392
390
370
410
403
389
414
401
425
385
402
404
406
382
408
393
419
409
417
400
405
398
421
411
396
395
418
422
415
430
434
427
407
423
412
416
431
428
413
429
420
441
437
432
440
439
449
442
460
424
452
471
445
436
453
464
435
443
451
433
448
447
454
459
482
426
462
438
493
446
475
457
504
458
515
463
456
466
469
455
472
479
476
465
444
470
467
450
483
485
488
480
497
495
484
461
474
487
500
477
473
509
491
478
468
507
490
499
521
502
481
508
486
506
505
520
522
503
518
496
510
498
494
492
533
532
543
530
516
544
489
501
541
552
523
528
513
554
519
529
546
526
525
531
524
527
559
511
534
517
514
542
547
538
549
551
536
563
574
565
556
576
535
587
548
550
598
585
609
537
540
539
564
545
553
558
557
560
561
562
555
567
572
566
571
586
568
578
581
575
570
583
569
589
584
588
601
582
580
577
591
593
597
599
603
595
573
604
606
594
592
612
618
590
605
596
616
611
623
634
627
602
600
629
617
622
614
624
619
620
621
637
608
615
630
613
648
607
636
632
659
631
639
626
625
644
643
646
628
658
655
651
635
656
633
610
641
661
650
672
649
652
666
677
645
683
642
640
663
665
674
694
662
664
654
660
680
692
657
704
679
653
676
691
668
715
667
671
669
687
681
675
673
689
670
690
693
696
686
695
706
685
684
682
688
702
718
714
697
711
700
699
716
725
713
703
698
727
701
717
709
712
731
729
742
710
705
707
753
740
726
720
721
737
719
723
722
750
739
762
736
752
749
708
678
647
638
735
579
734
732
744
724
730
751
759
748
765
733
755
743
738
746
756
767
728
771
758
760
747
757
745
774
775
763
754
777
786
770
772
797
764
766
761
782
808
779
780
784
769
789
768
796
781
793
773
778
776
794
791
806
801
783
795
800
799
798
813
792
810
785
788
790
811
807
787
824
812
822
804
819
817
820
815
803
805
833
802
816
830
827
826
837
831
809
828
842
818
825
834
836
829
847
832
835
849
838
845
856
858
860
823
846
821
869
850
867
851
840
852
839
865
857
859
878
866
873
841
843
889
848
862
861
868
854
882
870
863
864
894
880
853
905
855
883
892
895
844
876
875
893
907
871
872
874
879
884
888
897
881
918
899
885
887
896
910
922
898
903
890
908
891
933
906
886
919
920
912
902
901
900
917
911
923
909
921
932
927
935
925
934
945
914
938
950
924
941
961
926
953
913
915
916
928
929
936
947
930
931
948
962
960
973
951
946
984
937
943
964
939
944
940
942
963
975
949
955
957
956
952
954
958
970
974
972
969
986
968
965
966
987
967
982
959
985
995
998
997
981
971
980
979
977
994
999
978
976
983
904
814
512
990
991
996
993
988
989
992
877
741
