0
7
1
10
5
8
21
2
11
16
3
6
9
14
22
25
12
4
18
32
15
20
36
17
28
27
29
31
43
23
26
13
19
42
35
49
30
60
40
37
50
71
46
38
44
41
24
57
51
33
55
61
53
39
45
56
63
65
77
75
64
52
58
86
59
72
62
47
76
54
70
88
48
80
78
66
81
91
79
67
73
93
84
92
68
74
85
98
94
34
69
83
90
99
95
87
96
82
97
89
105
100
106
101
110
107
112
102
116
108
121
111
119
127
113
103
109
117
130
120
141
122
104
123
132
114
133
128
115
118
131
126
125
134
138
152
142
136
147
140
135
155
148
145
151
160
137
166
154
150
156
168
165
149
169
177
143
129
146
161
180
153
144
162
191
179
163
124
175
164
190
139
158
176
157
186
201
182
170
196
183
171
181
197
178
172
167
189
187
173
195
203
159
200
208
185
205
217
204
198
192
210
184
202
199
193
216
228
211
213
215
221
188
207
220
206
218
212
231
226
219
233
238
222
232
214
242
223
209
230
194
225
240
224
252
235
227
245
239
236
234
256
237
248
251
263
259
250
267
229
247
255
246
253
270
241
254
265
281
257
261
268
258
249
243
277
266
274
275
260
280
273
276
287
288
262
271
269
282
285
289
272
292
264
296
300
298
294
308
290
305
291
286
316
283
302
278
306
284
319
293
304
279
330
315
301
327
317
303
174
244
295
326
310
325
311
309
320
297
312
318
307
329
313
324
339
299
331
350
323
321
314
322
328
341
333
336
337
338
343
345
357
355
344
340
346
335
332
366
347
358
352
356
353
342
348
364
368
360
359
375
334
371
351
377
367
386
379
378
370
365
385
372
376
361
373
362
354
374
397
388
382
363
399
391
381
369
390
408
410
349
401
393
402
394
380
421
389
392
387
400
413
383
405
406
420
407
395
415
396
411
427
422
409
403
416
412
432
404
425
398
428
443
384
436
438
423
430
434
448
414
431
445
435
426
429
456
417
442
449
418
446
424
441
433
460
437
444
459
455
450
457
419
467
470
471
440
466
462
451
463
477
469
452
464
458
461
476
478
453
475
447
472
454
486
439
483
497
482
487
479
488
490
491
485
480
465
492
484
504
501
498
481
500
511
515
512
493
473
526
505
499
468
503
495
474
522
510
516
489
509
507
537
533
520
521
518
506
519
513
502
535
496
525
530
508
514
539
528
534
547
517
546
550
494
527
541
532
540
523
561
531
551
543
557
545
536
529
555
553
556
554
568
542
548
567
560
552
549
566
569
565
544
563
538
577
576
578
580
588
574
572
562
524
579
589
585
575
581
595
570
582
596
583
571
606
591
602
584
617
558
597
564
590
592
600
603
601
586
598
615
611
587
593
599
613
610
605
609
625
612
604
624
607
626
621
636
637
620
635
608
631
616
623
618
627
641
638
619
652
628
622
630
640
632
639
651
647
653
633
659
634
645
644
660
646
661
672
642
648
662
671
643
614
658
573
673
629
559
594
655
650
683
657
682
665
666
680
693
670
667
686
656
674
668
681
654
687
663
694
669
676
697
649
677
704
705
675
708
715
664
685
690
716
701
679
688
698
689
696
700
726
707
695
721
702
714
691
706
703
709
728
692
722
720
678
718
684
733
712
710
730
699
725
739
750
711
732
735
736
731
729
717
723
745
747
727
757
724
744
742
756
738
743
713
741
719
751
748
755
734
737
759
760
770
740
749
767
771
766
765
763
780
764
752
758
791
746
761
778
775
753
786
762
772
802
768
777
776
779
754
813
773
781
790
784
787
798
792
789
797
801
800
795
785
799
793
796
808
794
812
810
788
782
820
803
806
814
774
805
815
783
826
825
811
822
831
833
769
807
836
847
809
842
819
837
817
830
827
821
828
816
835
850
829
861
832
843
823
846
840
855
845
818
848
804
824
844
841
834
872
866
857
854
839
856
858
862
865
875
860
851
863
849
852
876
886
868
869
864
870
838
882
878
897
880
853
889
859
877
900
891
881
887
911
871
893
883
890
885
905
903
895
917
892
884
915
906
926
867
879
896
888
873
894
918
928
902
908
901
904
939
874
898
920
910
931
937
907
950
924
912
940
921
952
916
913
919
935
899
922
925
930
933
914
946
932
941
945
923
909
936
963
934
938
948
960
953
929
947
927
955
959
956
954
951
942
957
966
968
967
961
970
949
943
981
958
973
972
977
969
980
944
965
962
988
978
976
971
987
975
982
985
994
974
983
989
986
995
984
997
992
991
996
964
999
979
990
998
993
