8
7
19
2
0
6
18
13
3
9
10
30
5
4
14
29
24
11
41
16
52
35
1
20
17
28
39
63
31
15
22
21
25
40
33
12
23
26
36
47
45
37
34
38
53
51
43
44
64
55
59
56
50
57
42
75
32
54
46
71
65
68
27
79
58
48
69
66
67
80
82
91
49
90
102
93
78
62
73
83
84
89
74
104
60
85
77
61
76
98
81
110
99
70
111
72
115
97
87
126
122
94
95
92
101
107
109
121
88
106
132
120
137
143
112
108
116
128
103
113
114
124
100
127
105
131
125
117
139
130
145
144
123
96
86
140
136
141
129
138
155
149
156
119
134
142
146
118
159
147
161
150
148
160
172
152
157
153
163
151
135
133
165
162
171
183
170
154
182
166
173
181
164
194
176
184
158
168
205
192
186
187
185
180
169
178
189
167
200
198
199
179
197
175
210
202
174
188
209
211
190
221
191
196
195
212
201
220
177
213
232
222
214
224
208
243
204
225
231
233
219
217
215
206
227
218
237
216
235
230
223
249
193
203
239
260
271
245
226
241
236
207
282
248
238
228
259
240
253
251
256
229
242
267
264
250
234
293
278
263
246
257
273
261
254
255
244
272
277
252
258
286
298
285
270
269
290
302
283
313
262
275
297
276
265
247
295
284
288
289
266
324
274
296
309
306
287
299
294
303
292
301
281
314
312
300
311
315
325
317
280
316
327
268
304
279
323
308
305
338
291
349
319
326
307
360
335
336
321
310
328
346
322
371
330
337
331
332
340
339
320
353
352
345
347
333
351
342
344
358
334
363
318
364
329
355
376
357
341
348
375
369
359
365
361
381
370
386
382
387
350
372
356
362
374
377
368
383
373
396
389
390
401
392
384
407
354
400
366
378
343
367
397
393
388
411
385
403
408
414
391
398
418
380
402
419
395
409
399
425
404
415
406
394
410
426
416
413
437
428
420
439
417
424
429
422
430
436
379
441
434
440
405
451
452
448
412
462
463
459
450
431
445
470
421
427
474
444
443
438
442
435
433
460
457
475
486
423
472
446
455
449
458
447
456
484
471
432
461
476
453
466
478
467
477
480
473
468
479
485
454
493
490
487
492
464
504
491
515
489
500
526
503
469
488
502
498
501
514
513
465
511
481
525
507
505
494
520
499
495
496
483
516
522
508
482
506
517
533
510
529
497
512
519
544
555
523
527
538
535
528
518
546
521
541
554
539
534
552
532
566
524
540
509
564
548
537
543
575
536
549
560
531
561
550
530
571
553
562
582
542
593
586
572
573
558
559
568
563
567
545
556
547
551
565
581
570
576
583
589
587
574
578
579
557
580
592
599
584
596
595
588
569
591
604
610
607
590
585
603
600
608
597
594
605
601
611
620
609
577
598
614
615
613
602
617
621
612
632
622
624
616
628
630
633
627
623
626
619
637
644
639
631
606
629
650
618
648
641
642
643
655
636
625
659
654
653
661
640
665
664
647
670
666
676
672
652
634
675
635
646
649
660
667
679
656
662
645
671
690
657
663
701
712
723
677
638
680
669
651
682
691
674
688
658
684
734
673
699
668
678
745
702
756
689
693
713
700
685
695
704
681
724
687
735
683
698
711
746
708
705
697
694
719
709
722
692
715
714
706
707
717
686
721
703
720
718
730
727
736
749
743
696
732
731
757
737
761
716
747
728
772
738
726
741
744
751
740
762
758
754
729
710
742
770
725
733
759
739
768
765
748
782
793
753
771
760
775
764
769
763
787
779
755
780
791
784
766
799
778
792
773
803
804
750
796
767
810
807
814
774
752
815
825
781
790
777
785
786
798
797
826
836
789
801
818
795
800
808
806
817
819
788
809
794
831
832
802
805
813
783
829
812
824
776
823
811
820
837
822
841
828
816
838
833
839
851
862
842
834
830
845
853
856
864
873
849
835
840
867
848
844
884
821
852
859
827
843
895
860
870
847
863
855
875
846
878
850
906
881
917
892
857
872
876
865
869
890
888
858
868
861
886
874
871
901
899
866
887
882
903
885
915
889
898
896
880
883
913
854
879
900
927
897
912
910
893
905
894
922
911
902
925
907
921
920
909
935
919
934
918
904
914
946
929
957
908
933
930
877
928
916
941
923
940
891
968
952
939
944
932
945
979
931
955
990
950
926
924
956
937
948
949
959
953
942
964
965
967
971
951
938
961
947
976
936
943
966
988
977
954
978
969
973
983
981
993
991
989
963
962
995
972
986
996
970
984
985
975
994
974
958
997
960
987
982
980
992
999
998
1003
1002
1008
1000
1001
1009
1007
1005
1004
1006
1011
1012
1014
1015
1017
1018
1010
1013
1019
1016
1023
1022
1027
1020
1026
1021
1025
1030
1029
1031
1024
1035
1033
1037
1041
1032
1028
1036
1039
1034
1042
1046
1040
1043
1038
1044
1045
1047
1051
1050
1054
1055
1049
1059
1058
1053
1062
1048
1063
1052
1056
1066
1064
1061
1069
1060
1057
1073
1067
1065
1068
1072
1070
1071
1074
1075
1078
1079
1077
1076
1083
1080
1082
1081
1087
1085
1088
1090
1084
1089
1086
1094
1098
1092
1091
1096
1093
1095
1099
1102
1103
1097
1100
1101
1107
1104
1111
1105
1106
1115
1110
1116
1112
1109
1120
1108
1117
1124
1113
1121
1114
1119
1118
1123
1126
1130
1134
1122
1125
1138
1129
1128
1133
1142
1131
1135
1137
1132
1139
1143
1140
1145
1147
1127
1151
1144
1148
1146
1141
1153
1157
1152
1161
1136
1149
1150
1165
1155
1158
1160
1154
1166
1163
1168
1156
1170
1172
1159
1174
1164
1162
1167
1173
1175
1171
1177
1179
1183
1178
1182
1187
1186
1191
1169
1190
1195
1194
1181
1199
1184
1180
1185
1189
1176
1192
1198
1197
1203
1188
1193
1200
1202
1207
1201
1205
1196
1211
1204
1215
1219
1210
1208
1216
1221
1209
1213
1206
1225
1218
1212
1229
1233
1214
1223
1222
1228
1224
1220
1217
1234
1226
1238
1242
1231
1230
1246
1227
1250
1235
1236
1237
1239
1243
1232
1248
1241
1253
1240
1244
1245
1247
1251
1257
1261
1249
1252
1255
1254
1258
1260
1256
1263
1267
1271
1275
1259
1265
1266
1268
1264
1273
1272
1270
1278
1277
1262
1282
1276
1281
1280
1285
1283
1274
1288
1292
1269
1279
1287
1286
1296
1300
1290
1284
1289
1294
1295
1301
1305
1291
1299
1293
1304
1297
1309
1306
1302
1298
1308
1303
1310
1307
1311
1312
1314
1315
1313
1316
1319
1320
1318
1317
1324
1323
1321
1322
1327
1328
1326
1329
1330
1325
1334
1338
1332
1336
1333
1342
1331
1340
1346
1335
1337
1341
1343
1339
1347
1344
1345
1349
1350
1351
1355
1353
1354
1359
1348
1357
1363
1360
1352
1356
1365
1361
1358
1366
1369
1362
1373
1364
1371
1368
1376
1370
1367
1374
1372
1375
1379
1383
1377
1378
1380
1381
1382
1386
1384
1388
1385
1387
1391
1390
1394
1389
1392
1398
1396
1393
1402
1400
1401
1399
1397
1406
1405
1410
1407
1403
1412
1404
1416
1409
1420
1395
1414
1408
1415
1421
1425
1413
1418
1411
1423
1429
1419
1424
1422
1417
1428
1430
1433
1426
1434
1437
1427
1438
1441
1432
1442
1436
1439
1431
1435
1443
1444
1445
1447
1446
1449
1451
1453
1440
1455
1450
1448
1457
1459
1454
1458
1463
1462
1461
1460
1452
1456
1464
1465
1467
1466
1468
1470
1471
1472
1475
1474
1469
1478
1482
1479
1473
1481
1480
1486
1476
1477
1485
1484
1488
1492
1489
1487
1483
1493
1496
1497
1500
1491
1495
1499
1501
1490
1498
1503
1494
1507
1511
1505
1502
1509
1504
1512
1510
1516
1506
1508
1520
1515
1514
1513
1519
1524
1528
1522
1517
1527
1518
1525
1523
1521
1526
1532
1530
1534
1538
1536
1542
1531
1537
1535
1533
1541
1546
1543
1540
1529
1539
1547
1551
1550
1545
1555
1548
1552
1549
1557
1561
1554
1565
1544
1553
1556
1569
1560
1564
1573
1568
1577
1562
1558
1566
1563
1570
1559
1575
1567
1572
1576
1578
1574
1580
1581
1582
1585
1571
1589
1584
1593
1597
1588
1586
1592
1601
1579
1596
1583
1591
1599
1590
1587
1604
1594
1595
1608
1598
1602
1612
1603
1607
1606
1610
1609
1600
1605
1615
1614
1611
1613
1619
1617
1623
1627
1621
1631
1616
1620
1622
1626
1632
1636
1628
1633
1637
1618
1624
1640
1629
1625
1644
1648
1641
1638
1635
1630
1634
1645
1639
1642
1646
1650
1654
1651
1658
1652
1657
1649
1656
1661
1647
1643
1665
1653
1662
1655
1664
1663
1659
1660
1668
1666
1672
1669
1667
1676
1670
1680
1675
1681
1685
1674
1689
1671
1693
1673
1679
1677
1682
1686
1683
1690
1684
1678
1687
1691
1695
1692
1696
1698
1702
1706
1694
1710
1688
1697
1714
1718
1700
1722
1699
1703
1704
1708
1705
1713
1701
1711
1709
1715
1719
1716
1707
1720
1724
1712
1717
1721
1723
1725
1726
1730
1734
1728
1729
1738
1733
1732
1737
1739
1731
1742
1727
1736
1740
1745
1741
1743
1735
1747
1749
1751
1746
1750
1753
1744
1755
1759
1752
1758
1756
1761
1754
1760
1763
1767
1765
1769
1764
1748
1773
1768
1777
1772
1781
1757
1766
1762
1770
1775
1774
1771
1778
1780
1779
1785
1783
1776
1789
1787
1786
1788
1782
1793
1792
1784
1790
1797
1794
1796
1799
1803
1795
1798
1791
1807
1802
1806
1811
1800
1815
1801
1804
1808
1810
1819
1813
1809
1818
1812
1817
1816
1822
1805
1823
1820
1824
1814
1821
1828
1825
1827
1829
1826
1831
1830
1832
1833
1834
1836
1837
1841
1840
1845
1835
1849
1839
1853
1838
1857
1843
1842
1846
1844
1850
1848
1854
1861
1865
1858
1847
1855
1851
1862
1852
1859
1860
1856
1866
1864
1863
1869
1873
1868
1870
1867
1874
1878
1875
1880
1876
1871
1884
1881
1872
1879
1885
1882
1886
1883
1890
1877
1888
1889
1892
1894
1896
1898
1893
1895
1891
1887
1901
1899
1900
1897
1904
1905
1908
1903
1906
1907
1909
1912
1913
1916
1911
1902
1917
1921
1925
1915
1910
1929
1914
1918
1920
1933
1924
1923
1922
1930
1926
1919
1931
1935
1928
1927
1939
1936
1934
1943
1940
1932
1944
1941
1942
1948
1952
1937
1945
1938
1947
1946
1950
1949
1951
1955
1953
1956
1959
1963
1960
1967
1958
1961
1966
1957
1965
1971
1970
1954
1964
1975
1969
1962
1973
1974
1972
1976
1979
1983
1977
1968
1987
1978
1980
1984
1982
1989
1988
1985
1993
1997
1990
1992
1981
1996
1994
1986
1998
1991
1995
1999
