0
2
1
5
3
4
6
7
10
9
11
13
14
8
15
17
12
18
16
22
25
27
28
23
36
38
30
20
19
21
47
33
49
58
26
24
29
44
42
43
35
56
45
51
40
68
41
32
55
67
54
78
63
79
48
39
37
90
61
101
34
57
72
31
59
66
53
74
52
112
50
77
89
70
65
88
85
123
73
76
46
81
80
75
95
60
96
82
93
69
71
64
94
108
105
62
107
83
98
84
117
87
86
92
106
111
103
104
121
109
110
113
133
126
99
124
135
116
144
91
102
155
120
100
166
137
177
97
122
125
114
118
148
146
115
119
136
130
128
129
138
145
141
140
156
139
168
143
142
127
134
158
153
154
131
180
159
170
191
171
151
152
147
132
149
157
202
163
164
161
167
183
150
182
176
172
173
169
189
178
179
181
201
193
174
195
175
213
207
188
224
160
187
162
165
205
218
229
186
216
235
194
184
190
200
196
198
192
210
206
214
211
215
212
226
203
208
221
209
223
204
197
239
228
234
241
199
252
185
230
227
237
246
242
222
225
243
232
231
244
249
238
256
233
254
240
261
257
217
251
236
220
255
245
219
263
266
258
267
265
250
276
278
253
247
272
269
275
271
264
260
273
288
285
259
280
299
291
262
286
302
274
281
270
248
297
313
282
292
287
284
293
310
268
279
296
303
321
308
324
304
332
277
343
290
309
306
300
289
312
283
323
311
336
320
294
307
326
295
317
334
346
348
298
301
338
314
322
359
305
325
315
350
327
316
357
329
331
319
349
333
318
337
341
345
330
340
328
351
353
355
347
335
339
342
362
352
365
344
363
374
356
354
364
358
360
369
372
367
377
371
376
380
384
375
383
368
387
388
373
391
399
394
366
386
361
379
378
397
381
392
390
370
410
403
389
414
401
425
385
402
404
406
382
408
393
419
409
417
400
405
398
421
411
396
395
418
422
415
430
434
427
407
423
412
416
431
428
413
429
420
441
437
432
440
439
449
442
460
424
452
471
445
436
453
464
435
443
451
433
448
447
454
459
482
426
462
438
493
446
475
457
504
458
515
463
456
466
469
455
472
479
476
465
444
470
467
450
483
485
488
480
497
495
484
461
474
487
500
477
473
509
491
478
468
507
490
499
521
502
481
508
486
506
505
520
522
503
518
496
510
498
494
492
533
532
543
530
516
544
489
501
541
552
523
528
513
554
519
529
546
526
525
531
524
527
559
511
534
517
514
542
547
538
549
551
536
563
574
565
556
576
535
587
548
550
598
585
609
537
540
539
564
545
553
558
557
560
561
562
555
567
572
566
571
586
568
578
581
575
570
583
569
589
584
588
601
582
580
577
591
593
597
599
603
595
573
604
606
594
592
612
618
590
605
596
616
611
623
634
627
602
600
629
617
622
614
624
619
620
621
637
608
615
630
613
648
607
636
632
659
631
639
626
625
644
643
646
628
658
655
651
635
656
633
610
641
661
650
672
649
652
666
677
645
683
642
640
663
665
674
694
662
664
654
660
680
692
657
704
679
653
676
691
668
715
667
671
669
687
681
675
673
689
670
690
693
696
686
695
706
685
684
682
688
702
718
714
697
711
700
699
716
725
713
703
698
727
701
717
709
712
731
729
742
710
705
707
753
740
726
720
721
737
719
723
722
750
739
762
736
752
749
708
678
647
638
735
579
734
732
744
724
730
751
759
748
765
733
755
743
738
746
756
767
728
771
758
760
747
757
745
774
775
763
754
777
786
770
772
797
764
766
761
782
808
779
780
784
769
789
768
796
781
793
773
778
776
794
791
806
801
783
795
800
799
798
813
792
810
785
788
790
811
807
787
824
812
822
804
819
817
820
815
803
805
833
802
816
830
827
826
837
831
809
828
842
818
825
834
836
829
847
832
835
849
838
845
856
858
860
823
846
821
869
850
867
851
840
852
839
865
857
859
878
866
873
841
843
889
848
862
861
868
854
882
870
863
864
894
880
853
905
855
883
892
895
844
876
875
893
907
871
872
874
879
884
888
897
881
918
899
885
887
896
910
922
898
903
890
908
891
933
906
886
919
920
912
902
901
900
917
911
923
909
921
932
927
935
925
934
945
914
938
950
924
941
961
926
953
913
915
916
928
929
936
947
930
931
948
962
960
973
951
946
984
937
943
964
939
944
940
942
963
975
949
955
957
956
952
954
958
970
974
972
969
986
968
965
966
987
967
982
959
985
995
998
997
981
971
980
979
977
994
999
978
976
983
904
814
512
990
991
996
993
988
989
992
877
741
1001
1004
1000
1003
1006
1007
1002
1010
1013
1016
1019
1009
1005
1008
1012
1015
1011
1014
1017
1018
1022
1021
1020
1023
1026
1024
1029
1032
1035
1025
1027
1031
1036
1030
1028
1039
1033
1042
1034
1037
1045
1040
1043
1041
1038
1044
1047
1046
1049
1052
1048
1051
1055
1050
1053
1054
1057
1058
1060
1059
1061
1063
1064
1056
1062
1065
1067
1066
1068
1070
1069
1071
1072
1074
1073
1077
1075
1080
1076
1078
1082
1085
1079
1081
1088
1091
1094
1083
1087
1092
1086
1096
1099
1084
1089
1102
1095
1093
1098
1100
1104
1090
1107
1103
1105
1097
1101
1106
1109
1110
1112
1108
1111
1114
1117
1120
1115
1113
1123
1116
1119
1121
1125
1118
1124
1127
1122
1128
1130
1131
1132
1129
1126
1134
1135
1137
1133
1138
1136
1140
1142
1139
1145
1148
1143
1141
1146
1144
1151
1147
1150
1152
1154
1157
1149
1160
1163
1155
1166
1156
1153
1161
1158
1159
1165
1162
1167
1170
1168
1164
1171
1173
1174
1177
1169
1172
1180
1176
1175
1179
1181
1178
1183
1182
1185
1188
1184
1187
1190
1186
1193
1189
1196
1192
1199
1194
1195
1198
1202
1205
1208
1200
1191
1203
1204
1197
1201
1206
1209
1210
1207
1213
1214
1212
1211
1217
1215
1220
1219
1218
1223
1216
1222
1226
1225
1228
1229
1227
1224
1232
1231
1235
1221
1234
1238
1230
1233
1236
1237
1239
1242
1245
1240
1248
1243
1241
1251
1247
1244
1246
1250
1252
1249
1255
1253
1256
1257
1254
1260
1259
1258
1261
1263
1262
1264
1265
1268
1267
1266
1270
1269
1271
1273
1276
1274
1275
1277
1272
1279
1278
1280
1282
1283
1281
1286
1284
1287
1290
1293
1285
1288
1289
1296
1292
1297
1291
1300
1295
1294
1299
1302
1303
1304
1307
1301
1306
1298
1310
1309
1313
1308
1311
1314
1305
1315
1318
1317
1312
1321
1324
1319
1323
1316
1320
1322
1326
1325
1328
1329
1327
1330
1333
1336
1331
1332
1339
1342
1335
1338
1341
1340
1337
1345
1348
1344
1334
1347
1343
1351
1350
1349
1346
1353
1356
1352
1355
1358
1354
1359
1362
1365
1360
1361
1364
1357
1368
1367
1363
1371
1369
1366
1374
1372
1375
1370
1377
1378
1373
1376
1379
1380
1381
1384
1383
1382
1386
1387
1389
1385
1390
1391
1393
1396
1388
1394
1395
1397
1392
1399
1398
1400
1401
1404
1405
1408
1403
1402
1411
1406
1407
1409
1414
1410
1412
1415
1416
1418
1413
1421
1419
1424
1427
1420
1422
1425
1417
1423
1428
1426
1430
1432
1431
1435
1434
1429
1438
1437
1433
1441
1440
1436
1444
1443
1442
1446
1447
1439
1445
1449
1452
1450
1451
1453
1455
1456
1458
1448
1454
1461
1464
1459
1457
1463
1460
1467
1462
1465
1468
1466
1469
1470
1471
1472
1474
1475
1473
1478
1477
1476
1481
1484
1479
1483
1480
1487
1490
1482
1486
1493
1496
1485
1499
1488
1492
1497
1491
1489
1495
1501
1498
1503
1500
1506
1509
1494
1512
1504
1502
1507
1510
1508
1511
1505
1514
1517
1513
1515
1520
1519
1523
1526
1529
1518
1516
1521
1524
1532
1535
1522
1528
1525
1530
1533
1537
1527
1540
1534
1531
1539
1536
1538
1543
1542
1541
1546
1549
1545
1548
1547
1552
1551
1544
1555
1554
1550
1558
1557
1560
1553
1559
1556
1562
1565
1561
1568
1563
1564
1567
1569
1566
1572
1571
1570
1575
1573
1577
1576
1579
1574
1580
1582
1578
1585
1581
1583
1586
1584
1588
1590
1593
1596
1587
1589
1591
1594
1592
1599
1602
1595
1605
1600
1598
1597
1603
1607
1604
1608
1610
1601
1609
1613
1611
1614
1616
1606
1612
1615
1619
1617
1620
1621
1622
1618
1625
1624
1628
1627
1623
1630
1633
1636
1631
1626
1632
1629
1634
1635
1638
1641
1640
1644
1639
1637
1647
1650
1643
1642
1653
1646
1656
1645
1649
1648
1651
1652
1654
1655
1658
1661
1657
1662
1665
1659
1663
1668
1660
1671
1666
1667
1672
1675
1664
1670
1678
1669
1674
1681
1673
1677
1676
1684
1680
1682
1679
1683
1686
1687
1690
1685
1693
1688
1696
1691
1695
1692
1689
1699
1694
1698
1702
1697
1705
1700
1703
1706
1701
1708
1709
1712
1704
1707
1713
1710
1711
1716
1714
1715
1717
1718
1719
1721
1724
1723
1722
1726
1727
1730
1733
1736
1720
1739
1729
1742
1728
1725
1731
1735
1734
1732
1738
1740
1737
1743
1746
1744
1741
1747
1749
1745
1750
1753
1748
1756
1752
1751
1755
1757
1759
1754
1758
1761
1764
1760
1763
1765
1768
1762
1766
1767
1771
1769
1770
1774
1772
1777
1773
1775
1778
1780
1776
1781
1779
1784
1782
1783
1786
1789
1785
1792
1795
1787
1788
1798
1791
1801
1790
1794
1804
1797
1793
1796
1807
1810
1813
1799
1816
1800
1803
1806
1819
1802
1822
1825
1809
1828
1808
1811
1815
1820
1814
1805
1824
1829
1818
1832
1823
1812
1817
1827
1821
1826
1835
1831
1834
1837
1838
1830
1841
1844
1847
1833
1840
1843
1846
1849
1850
1853
1839
1848
1854
1842
1836
1857
1851
1845
1860
1855
1863
1866
1869
1858
1852
1856
1872
1861
1859
1864
1875
1862
1878
1881
1867
1884
1865
1887
1890
1868
1871
1870
1873
1893
1876
1879
1883
1877
1874
1882
1888
1886
1880
1892
1891
1885
1895
1889
1894
1897
1900
1896
1899
1898
1902
1901
1903
1904
1905
1906
1909
1912
1915
1908
1911
1914
1918
1907
1917
1916
1913
1910
1921
1920
1919
1924
1923
1927
1922
1926
1929
1925
1932
1928
1930
1931
1934
1935
1938
1941
1944
1933
1937
1936
1947
1950
1940
1939
1953
1943
1956
1946
1959
1949
1948
1945
1954
1958
1952
1957
1942
1962
1951
1965
1955
1960
1961
1968
1971
1964
1963
1967
1974
1977
1966
1970
1980
1969
1972
1983
1973
1986
1976
1989
1975
1992
1979
1978
1982
1984
1985
1988
1981
1990
1994
1997
1987
1991
1993
1995
1996
1999
1998
