8
7
19
2
0
6
18
13
3
9
10
30
5
4
14
29
24
11
41
16
52
35
1
20
17
28
39
63
31
15
22
21
25
40
33
12
23
26
36
47
45
37
34
38
53
51
43
44
64
55
59
56
50
57
42
75
32
54
46
71
65
68
27
79
58
48
69
66
67
80
82
91
49
90
102
93
78
62
73
83
84
89
74
104
60
85
77
61
76
98
81
110
99
70
111
72
115
97
87
126
122
94
95
92
101
107
109
121
88
106
132
120
137
143
112
108
116
128
103
113
114
124
100
127
105
131
125
117
139
130
145
144
123
96
86
140
136
141
129
138
155
149
156
119
134
142
146
118
159
147
161
150
148
160
172
152
157
153
163
151
135
133
165
162
171
183
170
154
182
166
173
181
164
194
176
184
158
168
205
192
186
187
185
180
169
178
189
167
200
198
199
179
197
175
210
202
174
188
209
211
190
221
191
196
195
212
201
220
177
213
232
222
214
224
208
243
204
225
231
233
219
217
215
206
227
218
237
216
235
230
223
249
193
203
239
260
271
245
226
241
236
207
282
248
238
228
259
240
253
251
256
229
242
267
264
250
234
293
278
263
246
257
273
261
254
255
244
272
277
252
258
286
298
285
270
269
290
302
283
313
262
275
297
276
265
247
295
284
288
289
266
324
274
296
309
306
287
299
294
303
292
301
281
314
312
300
311
315
325
317
280
316
327
268
304
279
323
308
305
338
291
349
319
326
307
360
335
336
321
310
328
346
322
371
330
337
331
332
340
339
320
353
352
345
347
333
351
342
344
358
334
363
318
364
329
355
376
357
341
348
375
369
359
365
361
381
370
386
382
387
350
372
356
362
374
377
368
383
373
396
389
390
401
392
384
407
354
400
366
378
343
367
397
393
388
411
385
403
408
414
391
398
418
380
402
419
395
409
399
425
404
415
406
394
410
426
416
413
437
428
420
439
417
424
429
422
430
436
379
441
434
440
405
451
452
448
412
462
463
459
450
431
445
470
421
427
474
444
443
438
442
435
433
460
457
475
486
423
472
446
455
449
458
447
456
484
471
432
461
476
453
466
478
467
477
480
473
468
479
485
454
493
490
487
492
464
504
491
515
489
500
526
503
469
488
502
498
501
514
513
465
511
481
525
507
505
494
520
499
495
496
483
516
522
508
482
506
517
533
510
529
497
512
519
544
555
523
527
538
535
528
518
546
521
541
554
539
534
552
532
566
524
540
509
564
548
537
543
575
536
549
560
531
561
550
530
571
553
562
582
542
593
586
572
573
558
559
568
563
567
545
556
547
551
565
581
570
576
583
589
587
574
578
579
557
580
592
599
584
596
595
588
569
591
604
610
607
590
585
603
600
608
597
594
605
601
611
620
609
577
598
614
615
613
602
617
621
612
632
622
624
616
628
630
633
627
623
626
619
637
644
639
631
606
629
650
618
648
641
642
643
655
636
625
659
654
653
661
640
665
664
647
670
666
676
672
652
634
675
635
646
649
660
667
679
656
662
645
671
690
657
663
701
712
723
677
638
680
669
651
682
691
674
688
658
684
734
673
699
668
678
745
702
756
689
693
713
700
685
695
704
681
724
687
735
683
698
711
746
708
705
697
694
719
709
722
692
715
714
706
707
717
686
721
703
720
718
730
727
736
749
743
696
732
731
757
737
761
716
747
728
772
738
726
741
744
751
740
762
758
754
729
710
742
770
725
733
759
739
768
765
748
782
793
753
771
760
775
764
769
763
787
779
755
780
791
784
766
799
778
792
773
803
804
750
796
767
810
807
814
774
752
815
825
781
790
777
785
786
798
797
826
836
789
801
818
795
800
808
806
817
819
788
809
794
831
832
802
805
813
783
829
812
824
776
823
811
820
837
822
841
828
816
838
833
839
851
862
842
834
830
845
853
856
864
873
849
835
840
867
848
844
884
821
852
859
827
843
895
860
870
847
863
855
875
846
878
850
906
881
917
892
857
872
876
865
869
890
888
858
868
861
886
874
871
901
899
866
887
882
903
885
915
889
898
896
880
883
913
854
879
900
927
897
912
910
893
905
894
922
911
902
925
907
921
920
909
935
919
934
918
904
914
946
929
957
908
933
930
877
928
916
941
923
940
891
968
952
939
944
932
945
979
931
955
990
950
926
924
956
937
948
949
959
953
942
964
965
967
971
951
938
961
947
976
936
943
966
988
977
954
978
969
973
983
981
993
991
989
963
962
995
972
986
996
970
984
985
975
994
974
958
997
960
987
982
980
992
999
998
